3.13029e-06 1



15
-0.25


0.416636


3.27948e-07
9.80243e-06

2.56463e-06
2.13507e-05

9.23954e-06
4.34354e-05

2.75405e-05
8.99146e-05

7.7174e-05
0.000188276

0.000211593
0.000396212

0.000575614
0.000835559

0.00156181
0.0017643

0.00423666
0.00373184

0.0115142
0.00792574

0.031482
0.0170157

0.0875434
0.0376178

0.255254
0.0901421

0.857159
0.271627

4.8176
1.74126





15
0.125


1.54167


5.61238e-07
-2.84908e-08

3.35888e-06
-1.16872e-07

1.14465e-05
-3.77603e-07

3.35299e-05
-1.17288e-06

9.33811e-05
-3.61036e-06

0.000255439
-1.10854e-05

0.000694259
-3.40176e-05

0.00188308
-0.000104439

0.00510821
-0.000321296

0.0138904
-0.000994146

0.0380487
-0.00312487

0.106372
-0.0102536

0.315029
-0.0378962

1.11166
-0.197955

7.8171
-3.57423
