3.13029e-06 1



15
-0.125



0.648648

4.00441e-07
8.92744e-07

2.81587e-06
2.44489e-06

9.93653e-06
5.82816e-06

2.94277e-05
1.38311e-05

8.22707e-05
3.2945e-05

0.000225357
7.86428e-05

0.000612795
0.000187933

0.00166232
0.000449532

0.00450882
0.0010772

0.0122546
0.00259308

0.0335217
0.00631929

0.0933583
0.0159231

0.273472
0.0439875

0.931943
0.15811

5.57747
1.38053




15
0.0625



1.2409

5.1903e-07
-3.39174e-08

3.21787e-06
-1.2643e-07

1.10539e-05
-3.79109e-07

3.24615e-05
-1.10141e-06

9.04833e-05
-3.18027e-06

0.000247583
-9.16944e-06

0.000672958
-2.64322e-05

0.00182528
-7.62389e-05

0.00495107
-0.000220328

0.0134608
-0.000640212

0.0368571
-0.00188803

0.102932
-0.00579739

0.303937
-0.0199042

1.0624
-0.0944114

7.13626
-1.39793

