3.13029e-06 1



15
-0.5


0.158611


1.98361e-07
0.000578757

2.09967e-06
0.000725457

7.95218e-06
0.00105604

2.40659e-05
0.00165433

6.78148e-05
0.00267201

0.000186376
0.00436731

0.00050764
0.00717109

0.00137847
0.0117992

0.00374135
0.0194477

0.0101705
0.0321586

0.0277949
0.0536195

0.0771073
0.0914214

0.223079
0.1657

0.7306
0.356698

3.71009
1.32608





15
0.25


2.40018


6.49762e-07
-9.87835e-09

3.65194e-06
-4.86778e-08

1.22634e-05
-1.82164e-07

3.5757e-05
-6.4629e-07

9.94312e-05
-2.26051e-06

0.000271864
-7.87146e-06

0.000738858
-2.73752e-05

0.00200427
-9.52351e-05

0.00543818
-0.000332044

0.0147939
-0.00116522

0.0405615
-0.00416231

0.113661
-0.0156087

0.338793
-0.0669922

1.22056
-0.427408

9.54507
-12.0006
